e5ba5181 -1 0 -1 0 -1 0 -1 0 -1 0 -1 0 -1 0 2 3fff 2 3fff 2 3fff -1 0 -1 0 -1 0 -1 0 -1 0 -1 0 
e7d69647 0 122e 0 1947 0 f4d 0 834 -1 0 -1 0 -1 0 -1 0 -1 0 -1 0 -1 0 -1 0 -1 0 -1 0 -1 0 -1 0 
ebb83bfe -1 0 -1 0 -1 0 -1 0 -1 0 -1 0 -1 0 2 3fff 2 3fff 2 3fff -1 0 -1 0 -1 0 -1 0 -1 0 -1 0 
fbcabf5f 1 217f 1 2188 1 2146 1 213d 1 1483 1 1440 1 1493 -1 0 -1 0 -1 0 1 3695 1 351b 1 34a0 -1 0 -1 0 -1 0 
21167a7 -1 0 -1 0 -1 0 -1 0 0 dc 0 a8 0 8e -1 0 -1 0 -1 0 -1 0 -1 0 -1 0 -1 0 -1 0 -1 0 
3ce2fd6 1 79b 1 801 1 831 1 7cb -1 0 -1 0 -1 0 1 652 1 6cb 1 7ef -1 0 -1 0 -1 0 -1 0 -1 0 -1 0 
afafa0f 1 aeb 1 ad9 1 ad2 1 ae4 -1 0 -1 0 -1 0 1 503 1 517 1 55f -1 0 -1 0 -1 0 1 13c4 1 143f 1 1562 
12cc1a78 -1 0 -1 0 -1 0 -1 0 -1 0 -1 0 -1 0 -1 0 -1 0 -1 0 -1 0 -1 0 -1 0 1 527 1 4fc 1 4e9 
23821705 0 b9d 0 be9 0 c3e 0 bf1 -1 0 -1 0 -1 0 -1 0 -1 0 -1 0 -1 0 -1 0 -1 0 -1 0 -1 0 -1 0 
25f233e5 -1 0 -1 0 -1 0 -1 0 -1 0 -1 0 -1 0 -1 0 -1 0 -1 0 1 3d7 1 38c 1 373 1 b26 1 b31 1 b8a 
27ef9127 -1 0 -1 0 -1 0 -1 0 -1 0 -1 0 -1 0 -1 0 -1 0 -1 0 -1 0 -1 0 -1 0 1 156f 1 14f2 1 14da 
2e7e1ff4 2 3fff 2 3fff 2 3fff 2 3fff 2 3fff 2 3fff 2 3fff 2 3fff 2 3fff 2 3fff -1 0 -1 0 -1 0 -1 0 -1 0 -1 0 
44fe0425 0 75 0 74 0 53 0 54 -1 0 -1 0 -1 0 -1 0 -1 0 -1 0 -1 0 -1 0 -1 0 -1 0 -1 0 -1 0 
4b32dbcf -1 0 -1 0 -1 0 -1 0 -1 0 -1 0 -1 0 -1 0 -1 0 -1 0 1 1008 1 dd2 1 ce7 -1 0 -1 0 -1 0 
5202a0a8 -1 0 0 b -1 0 -1 0 -1 0 -1 0 -1 0 -1 0 -1 0 -1 0 -1 0 -1 0 -1 0 -1 0 -1 0 -1 0 
63060826 -1 0 -1 0 -1 0 -1 0 -1 0 -1 0 -1 0 1 1711 1 a67 1 613 -1 0 -1 0 -1 0 -1 0 -1 0 -1 0 
6cbc2d4e 0 b13 0 aa6 0 99a 0 a08 -1 0 -1 0 -1 0 -1 0 -1 0 -1 0 -1 0 -1 0 -1 0 -1 0 -1 0 -1 0 
704fdcd4 0 362 0 44b 0 2bc 0 1d4 -1 0 -1 0 -1 0 -1 0 -1 0 -1 0 -1 0 -1 0 -1 0 -1 0 -1 0 -1 0 
7143aa49 -1 0 -1 0 -1 0 -1 0 -1 0 -1 0 -1 0 1 796 1 465 1 31e 0 22f9 0 1e1c 0 1c8c -1 0 -1 0 -1 0 
72261f80 -1 0 -1 0 -1 0 -1 0 -1 0 -1 0 -1 0 -1 0 -1 0 -1 0 1 837 1 6ae 1 601 -1 0 -1 0 -1 0 
73d2253e 0 16e 0 5f -1 0 -1 0 -1 0 -1 0 -1 0 -1 0 -1 0 -1 0 -1 0 -1 0 -1 0 -1 0 -1 0 -1 0 
7fa3e260 -1 0 -1 0 -1 0 -1 0 -1 0 -1 0 -1 0 -1 0 -1 0 -1 0 -1 0 -1 0 -1 0 1 4d1 1 568 1 6d4 
80ef831e -1 0 -1 0 -1 0 -1 0 -1 0 -1 0 -1 0 -1 0 -1 0 -1 0 1 7c8 1 712 1 6cd -1 0 -1 0 -1 0 
8c4ad2b5 -1 0 -1 0 -1 0 -1 0 1 e6 1 94 1 71 -1 0 -1 0 -1 0 -1 0 -1 0 -1 0 -1 0 -1 0 -1 0 
a3470169 -1 0 -1 0 -1 0 -1 0 -1 0 -1 0 -1 0 -1 0 -1 0 -1 0 1 9bd 1 85e 1 802 -1 0 -1 0 -1 0 
a35c5399 0 801 0 7af 0 74b 0 79d -1 0 -1 0 -1 0 -1 0 -1 0 -1 0 -1 0 -1 0 -1 0 -1 0 -1 0 -1 0 
a99c64a0 1 8f 0 26c9 0 354d 1 202 -1 0 -1 0 -1 0 -1 0 -1 0 -1 0 -1 0 -1 0 -1 0 -1 0 -1 0 -1 0 
b8173f37 -1 0 -1 0 -1 0 -1 0 2 3fff 2 3fff 2 3fff -1 0 -1 0 -1 0 -1 0 -1 0 -1 0 -1 0 -1 0 -1 0 
ba150ea0 -1 0 -1 0 -1 0 -1 0 -1 0 -1 0 -1 0 0 2116 0 2088 0 2048 -1 0 -1 0 -1 0 -1 0 -1 0 -1 0 
c7be2d5e -1 0 -1 0 -1 0 -1 0 -1 0 -1 0 -1 0 -1 0 -1 0 -1 0 -1 0 -1 0 -1 0 1 6a7 1 678 1 669 
d222bc3f 0 2b1 0 520 0 782 0 513 -1 0 -1 0 -1 0 -1 0 -1 0 -1 0 -1 0 -1 0 -1 0 -1 0 -1 0 -1 0 
d734aa8b 1 e43 1 e4f 1 e11 1 e04 0 757 0 7fb 0 94b 0 154 0 fc 0 d1 1 1951 1 184c 1 17f9 1 6c3 1 5ae 1 54b 
d99586ef -1 0 -1 0 -1 0 -1 0 1 1985 1 1934 1 1a90 -1 0 -1 0 -1 0 -1 0 -1 0 -1 0 -1 0 -1 0 -1 0 
e845d782 -1 0 -1 0 -1 0 -1 0 -1 0 -1 0 -1 0 -1 0 -1 0 -1 0 -1 0 -1 0 -1 0 2 3fff 2 3fff 2 3fff 
e8541960 -1 0 -1 0 -1 0 -1 0 -1 0 -1 0 -1 0 1 54d 1 433 1 3c4 1 1021 1 e71 1 da9 -1 0 -1 0 -1 0 
c4a107 -1 0 -1 0 -1 0 -1 0 -1 0 -1 0 -1 0 -1 0 -1 0 -1 0 -1 0 -1 0 -1 0 1 7f1 1 7ea 1 7fe 
e5fe1a 0 54c 0 574 0 579 0 551 -1 0 -1 0 -1 0 -1 0 -1 0 -1 0 -1 0 -1 0 -1 0 -1 0 -1 0 -1 0 
40aa7cb -1 0 -1 0 -1 0 -1 0 -1 0 -1 0 -1 0 1 91e 1 19c 0 3001 0 b33 0 7d1 0 627 -1 0 -1 0 -1 0 
bec62a8 0 1c61 0 1cce 0 1c42 0 1bd6 -1 0 -1 0 -1 0 -1 0 -1 0 -1 0 -1 0 -1 0 -1 0 -1 0 -1 0 -1 0 
1824be74 -1 0 -1 0 -1 0 -1 0 -1 0 -1 0 -1 0 2 3fff 2 3fff 2 3fff 2 3fff 2 3fff 2 3fff -1 0 -1 0 -1 0 
22ba7fb4 -1 0 -1 0 -1 0 -1 0 -1 0 -1 0 -1 0 -1 0 -1 0 -1 0 -1 0 -1 0 -1 0 1 3d9 1 3bb 1 3b0 
25e0c92b -1 0 -1 0 -1 0 -1 0 -1 0 -1 0 -1 0 1 139c 1 134b 1 1367 -1 0 -1 0 -1 0 -1 0 -1 0 -1 0 
3d1427ea 0 69f 0 1a2 0 177 0 674 -1 0 -1 0 -1 0 -1 0 -1 0 -1 0 -1 0 -1 0 -1 0 -1 0 -1 0 -1 0 
3e19a544 0 681 0 5ee 0 699 0 72d -1 0 -1 0 -1 0 -1 0 -1 0 -1 0 -1 0 -1 0 -1 0 -1 0 -1 0 -1 0 
600965ed 0 489 0 4e2 0 3aa 0 351 -1 0 -1 0 -1 0 -1 0 -1 0 -1 0 -1 0 -1 0 -1 0 -1 0 -1 0 -1 0 
66594f4b -1 0 -1 0 -1 0 -1 0 -1 0 -1 0 -1 0 1 627 1 5d2 1 5bf 1 313b 1 2ea5 1 2dfb -1 0 -1 0 -1 0 
6b6aaae3 0 b85 0 b8a 0 b74 0 b6f -1 0 -1 0 -1 0 -1 0 -1 0 -1 0 -1 0 -1 0 -1 0 -1 0 -1 0 -1 0 
6f608527 -1 0 -1 0 -1 0 -1 0 1 1068 1 b99 1 13fc 0 3b4e 1 178 1 5bf -1 0 -1 0 -1 0 -1 0 -1 0 -1 0 
7febd3e8 -1 0 -1 0 -1 0 -1 0 1 d6 1 9d 1 85 0 30da 0 31bb 0 3396 -1 0 -1 0 -1 0 -1 0 -1 0 -1 0 
840acbb5 2 3fff 2 3fff 2 3fff 2 3fff -1 0 -1 0 -1 0 -1 0 -1 0 -1 0 2 3fff 2 3fff 2 3fff -1 0 -1 0 -1 0 
855e612b 0 3fb 0 4b5 0 3a7 0 2ec -1 0 -1 0 -1 0 -1 0 -1 0 -1 0 -1 0 -1 0 -1 0 -1 0 -1 0 -1 0 
8e8dd073 0 39ce 0 394c 0 3bdc 0 3c5d -1 0 -1 0 -1 0 -1 0 -1 0 -1 0 -1 0 -1 0 -1 0 -1 0 -1 0 -1 0 
a53af040 -1 0 -1 0 -1 0 -1 0 -1 0 -1 0 -1 0 -1 0 -1 0 -1 0 -1 0 -1 0 -1 0 1 128 1 45 0 3e97 
a61bcde5 0 1d7f 1 41 1 ed 0 2437 2 3fff 2 3fff 2 3fff 2 3fff 2 3fff 2 3fff -1 0 -1 0 -1 0 -1 0 -1 0 -1 0 
a70bbabf 0 150 0 10e 0 177 0 1b9 -1 0 -1 0 -1 0 -1 0 -1 0 -1 0 -1 0 -1 0 -1 0 -1 0 -1 0 -1 0 
ad2b82dd 0 2647 0 2331 0 272a 0 2a40 -1 0 -1 0 -1 0 1 17db 1 1027 1 109e -1 0 -1 0 -1 0 -1 0 -1 0 -1 0 
afaea561 -1 0 0 23 0 19 -1 0 -1 0 -1 0 -1 0 -1 0 -1 0 -1 0 -1 0 -1 0 -1 0 -1 0 -1 0 -1 0 
ba351ebd 0 e00 0 db8 0 de6 0 e2e -1 0 -1 0 -1 0 -1 0 -1 0 -1 0 -1 0 -1 0 -1 0 -1 0 -1 0 -1 0 
bb495ac9 -1 0 -1 0 -1 0 -1 0 -1 0 -1 0 -1 0 1 214 1 39a 1 a9c -1 0 -1 0 -1 0 -1 0 -1 0 -1 0 
bb503f7c 0 b4d 0 b25 0 aec 0 b14 -1 0 -1 0 -1 0 -1 0 -1 0 -1 0 -1 0 -1 0 -1 0 -1 0 -1 0 -1 0 
dc85a975 0 2554 0 23fc 0 2386 0 24de -1 0 -1 0 -1 0 -1 0 -1 0 -1 0 -1 0 -1 0 -1 0 -1 0 -1 0 -1 0 
df8e99b1 -1 0 -1 0 -1 0 -1 0 -1 0 -1 0 -1 0 -1 0 -1 0 -1 0 0 2d66 0 2af8 0 2aa3 1 cb 1 10d 1 1a7 
e42e9c73 -1 0 -1 0 -1 0 -1 0 -1 0 -1 0 -1 0 -1 0 -1 0 -1 0 2 3fff 2 3fff 2 3fff 1 2384 1 2783 1 3223 
e5752912 -1 0 -1 0 -1 0 -1 0 0 1ab4 0 1a04 0 19b2 -1 0 -1 0 -1 0 -1 0 -1 0 -1 0 -1 0 -1 0 -1 0 
f0901b3b 0 6b2 0 6d4 0 6dd 0 6bc -1 0 -1 0 -1 0 -1 0 -1 0 -1 0 -1 0 -1 0 -1 0 -1 0 -1 0 -1 0 
f2811800 0 3bd7 0 3b18 0 38b3 0 3972 -1 0 -1 0 -1 0 -1 0 -1 0 -1 0 -1 0 -1 0 -1 0 1 e9d 1 e1a 1 f3d 
5c26e47 0 255 0 5ea 0 2e2 -1 0 -1 0 -1 0 -1 0 -1 0 -1 0 -1 0 -1 0 -1 0 -1 0 -1 0 -1 0 -1 0 
befd614 -1 0 -1 0 -1 0 -1 0 1 17fb 1 1729 1 1776 -1 0 -1 0 -1 0 -1 0 -1 0 -1 0 -1 0 -1 0 -1 0 
11a81964 -1 0 -1 0 -1 0 -1 0 -1 0 -1 0 -1 0 1 731 1 4f2 1 406 1 704 1 5a5 1 4ff -1 0 -1 0 -1 0 
13a89518 0 35b -1 0 0 2b3 0 6e6 -1 0 -1 0 -1 0 -1 0 -1 0 -1 0 -1 0 -1 0 -1 0 -1 0 -1 0 -1 0 
13f834dd -1 0 -1 0 -1 0 -1 0 2 3fff 2 3fff 2 3fff -1 0 -1 0 -1 0 -1 0 -1 0 -1 0 -1 0 -1 0 -1 0 
1860fedf 0 2ec 0 2b9 0 2e1 0 314 -1 0 -1 0 -1 0 -1 0 -1 0 -1 0 -1 0 -1 0 -1 0 -1 0 -1 0 -1 0 
193df08b 0 816 0 a2f 0 84d 0 633 -1 0 -1 0 -1 0 -1 0 -1 0 -1 0 -1 0 -1 0 -1 0 -1 0 -1 0 -1 0 
2bfe23a5 -1 0 -1 0 -1 0 -1 0 1 27d 1 22d 1 208 -1 0 -1 0 -1 0 -1 0 -1 0 -1 0 -1 0 -1 0 -1 0 
2db0ee08 -1 0 -1 0 -1 0 -1 0 -1 0 -1 0 -1 0 -1 0 -1 0 -1 0 1 55f 1 52e 1 51f -1 0 -1 0 -1 0 
2e6dfe88 0 bb1 0 b6e 0 b0b 0 b4d -1 0 -1 0 -1 0 -1 0 -1 0 -1 0 -1 0 -1 0 -1 0 -1 0 -1 0 -1 0 
2f6c843d 1 410 1 45b 1 3f8 1 3ad 1 622 1 5eb 1 689 -1 0 -1 0 -1 0 1 42e 1 372 1 359 1 3fa 1 45a 1 565 
352eccba -1 0 -1 0 -1 0 -1 0 -1 0 -1 0 -1 0 -1 0 -1 0 -1 0 -1 0 -1 0 -1 0 1 84c 1 6a0 1 617 
3611aba8 -1 0 -1 0 -1 0 -1 0 0 3ac6 1 237 1 a2d -1 0 -1 0 -1 0 -1 0 -1 0 -1 0 1 b91 1 30a 1 21a 
3974e81a -1 0 -1 0 -1 0 -1 0 1 13c9 1 1347 1 13c0 -1 0 -1 0 -1 0 -1 0 -1 0 -1 0 -1 0 -1 0 -1 0 
39ef9d24 0 1775 0 175f 0 17c0 0 17d6 -1 0 -1 0 -1 0 -1 0 -1 0 -1 0 -1 0 -1 0 -1 0 -1 0 -1 0 -1 0 
421c5a21 -1 0 -1 0 -1 0 -1 0 1 56b 1 55c 1 563 -1 0 -1 0 -1 0 -1 0 -1 0 -1 0 -1 0 -1 0 -1 0 
5c4f4d50 -1 0 -1 0 0 8b -1 0 -1 0 -1 0 -1 0 -1 0 -1 0 -1 0 -1 0 -1 0 -1 0 -1 0 -1 0 -1 0 
616cd574 0 8a1 0 7cb 0 773 0 849 -1 0 -1 0 -1 0 -1 0 -1 0 -1 0 -1 0 -1 0 -1 0 -1 0 -1 0 -1 0 
64df6db1 -1 0 -1 0 -1 0 -1 0 -1 0 -1 0 -1 0 -1 0 -1 0 -1 0 -1 0 -1 0 -1 0 1 2a60 1 1eae 1 1949 
68dd6c19 -1 0 -1 0 -1 0 -1 0 1 cd6 1 c8c 1 c67 -1 0 -1 0 -1 0 -1 0 -1 0 -1 0 -1 0 -1 0 -1 0 
6c7675cd 2 3fff 2 3fff 2 3fff 2 3fff 2 3fff 2 3fff 2 3fff -1 0 -1 0 -1 0 -1 0 -1 0 -1 0 2 3fff 2 3fff 2 3fff 
76b89b46 -1 0 -1 0 -1 0 -1 0 1 d21 1 ce8 1 d0a 1 70 1 87 1 bd -1 0 -1 0 -1 0 -1 0 -1 0 -1 0 
7ad4c58b 0 51a 0 4d6 0 4e2 0 526 -1 0 -1 0 -1 0 -1 0 -1 0 -1 0 -1 0 -1 0 -1 0 -1 0 -1 0 -1 0 
7be5cbdf 0 32c4 0 374f 0 2e1d 0 2992 -1 0 -1 0 -1 0 -1 0 -1 0 -1 0 -1 0 -1 0 -1 0 1 44d 1 428 1 788 
8985a041 -1 0 -1 0 -1 0 -1 0 -1 0 -1 0 -1 0 -1 0 -1 0 -1 0 -1 0 -1 0 -1 0 2 3fff 2 3fff 2 3fff 
91684695 2 3fff 2 3fff 2 3fff 2 3fff 2 3fff 2 3fff 2 3fff 1 31cc 1 31d0 1 3257 2 3fff 2 3fff 2 3fff 2 3fff 2 3fff 2 3fff 
95fc06eb -1 0 -1 0 -1 0 -1 0 -1 0 -1 0 -1 0 1 3c99 1 3d9c 2 3fff -1 0 -1 0 -1 0 2 3fff 2 3fff 2 3fff 
97b06b4f -1 0 -1 0 -1 0 -1 0 1 e9e 1 eaf 1 ee9 -1 0 -1 0 -1 0 -1 0 -1 0 -1 0 0 e7 0 c6 0 b6 
97b10b9d -1 0 -1 0 -1 0 -1 0 -1 0 -1 0 -1 0 -1 0 -1 0 -1 0 0 31d1 0 3095 0 3014 -1 0 -1 0 -1 0 
99beeecd -1 0 -1 0 -1 0 -1 0 -1 0 -1 0 -1 0 -1 0 -1 0 -1 0 2 3fff 2 3fff 2 3fff -1 0 -1 0 -1 0 
a0ce40a1 -1 0 -1 0 -1 0 -1 0 -1 0 -1 0 -1 0 1 d9a 1 999 1 90c -1 0 -1 0 -1 0 -1 0 -1 0 -1 0 
b10b02cb 0 323 0 35d 0 33e 0 304 -1 0 -1 0 -1 0 -1 0 -1 0 -1 0 -1 0 -1 0 -1 0 -1 0 -1 0 -1 0 
b70aece1 2 3fff 2 3fff 2 3fff 2 3fff 1 f44 1 f63 1 fae -1 0 -1 0 -1 0 -1 0 -1 0 -1 0 -1 0 -1 0 -1 0 
c20f85f8 0 1fa 0 209 0 211 0 201 -1 0 -1 0 -1 0 -1 0 -1 0 -1 0 -1 0 -1 0 -1 0 -1 0 -1 0 -1 0 
c869bb98 0 426 0 48e 0 431 0 3c9 -1 0 -1 0 -1 0 -1 0 -1 0 -1 0 -1 0 -1 0 -1 0 -1 0 -1 0 -1 0 
d16148d4 0 389 0 49 0 4be 0 7fe -1 0 -1 0 -1 0 -1 0 -1 0 -1 0 -1 0 -1 0 -1 0 -1 0 -1 0 -1 0 
d56260f8 0 1e31 0 1c94 0 1d1c 0 1eb9 -1 0 -1 0 -1 0 -1 0 -1 0 -1 0 -1 0 -1 0 -1 0 -1 0 -1 0 -1 0 
dd6e0101 -1 0 -1 0 -1 0 -1 0 -1 0 -1 0 -1 0 1 2ae3 1 2bb9 1 2ede -1 0 -1 0 -1 0 -1 0 -1 0 -1 0 
ddf34cfb -1 0 -1 0 -1 0 -1 0 2 3fff 1 318e 1 20cb -1 0 -1 0 -1 0 -1 0 -1 0 -1 0 -1 0 -1 0 -1 0 
e7978f98 -1 0 -1 0 -1 0 -1 0 -1 0 -1 0 -1 0 -1 0 -1 0 -1 0 0 886 0 824 0 7f3 -1 0 -1 0 -1 0 
eeda29a1 0 b36 0 b5d 0 b36 0 b0f -1 0 -1 0 -1 0 -1 0 -1 0 -1 0 -1 0 -1 0 -1 0 -1 0 -1 0 -1 0 
f25113c1 -1 0 -1 0 -1 0 -1 0 2 3fff 2 3fff 2 3fff -1 0 -1 0 -1 0 -1 0 -1 0 -1 0 -1 0 -1 0 -1 0 
f5ae7e27 0 4c1 0 49a 0 477 0 49e -1 0 -1 0 -1 0 -1 0 -1 0 -1 0 -1 0 -1 0 -1 0 -1 0 -1 0 -1 0 
185efc6 0 120 0 11c 0 111 0 115 -1 0 -1 0 -1 0 -1 0 -1 0 -1 0 -1 0 -1 0 -1 0 -1 0 -1 0 -1 0 
4f83ebc 0 34f8 0 36ed 0 35fa 0 3405 1 5f1 1 5de 1 664 -1 0 -1 0 -1 0 -1 0 -1 0 -1 0 -1 0 -1 0 -1 0 
7897779 0 8f 0 d5 0 100 0 ba -1 0 -1 0 -1 0 -1 0 -1 0 -1 0 -1 0 -1 0 -1 0 -1 0 -1 0 -1 0 
90b2498 0 ecc 0 f84 0 f0a 0 e53 -1 0 -1 0 -1 0 -1 0 -1 0 -1 0 -1 0 -1 0 -1 0 -1 0 -1 0 -1 0 
cd8be77 -1 0 -1 0 -1 0 -1 0 -1 0 -1 0 -1 0 1 ad4 1 99c 1 94c -1 0 -1 0 -1 0 -1 0 -1 0 -1 0 
ec837d0 -1 0 -1 0 -1 0 -1 0 -1 0 -1 0 -1 0 1 a4 1 98 1 99 1 49a 1 47b 1 46f -1 0 -1 0 -1 0 
10540c54 0 7af 0 774 0 744 0 77e -1 0 -1 0 -1 0 -1 0 -1 0 -1 0 -1 0 -1 0 -1 0 -1 0 -1 0 -1 0 
3f0f9a2f 1 e1e 1 e2b 1 e32 1 e25 1 3ad 1 373 1 359 1 957 1 981 1 9dc -1 0 -1 0 -1 0 1 51c 1 52d 1 55a 
403793f8 -1 0 -1 0 -1 0 0 1eb -1 0 -1 0 -1 0 -1 0 -1 0 -1 0 -1 0 -1 0 -1 0 -1 0 -1 0 -1 0 
40bc9efd -1 0 -1 0 -1 0 -1 0 -1 0 -1 0 -1 0 -1 0 -1 0 -1 0 -1 0 -1 0 -1 0 1 20f 1 30 0 3a44 
54dcb7b1 0 29c 0 30 -1 0 0 1c8 -1 0 -1 0 -1 0 -1 0 -1 0 -1 0 -1 0 -1 0 -1 0 -1 0 -1 0 -1 0 
56b55a0b 0 408 0 42f 0 453 0 42c -1 0 -1 0 -1 0 -1 0 -1 0 -1 0 -1 0 -1 0 -1 0 -1 0 -1 0 -1 0 
5c130262 -1 0 -1 0 -1 0 -1 0 -1 0 -1 0 -1 0 -1 0 -1 0 -1 0 -1 0 -1 0 -1 0 1 5b8 1 59b 1 597 
6572d0ae 0 3ee9 0 3eb9 0 3e69 0 3e98 -1 0 -1 0 -1 0 -1 0 -1 0 -1 0 -1 0 -1 0 -1 0 -1 0 -1 0 -1 0 
7f1b2351 0 25a6 0 23c3 0 1fe7 0 21cb -1 0 -1 0 -1 0 -1 0 -1 0 -1 0 -1 0 -1 0 -1 0 -1 0 -1 0 -1 0 
7fa309ee 0 1ec 0 189 0 142 0 1a5 -1 0 -1 0 -1 0 -1 0 -1 0 -1 0 -1 0 -1 0 -1 0 -1 0 -1 0 -1 0 
882f2feb 0 23a7 0 1ddd 1 25 1 ba 1 a02 1 77 0 36e1 0 3369 1 145 1 8b3 -1 0 -1 0 -1 0 -1 0 -1 0 -1 0 
896f6520 0 e3 0 81 0 3c 0 9e -1 0 -1 0 -1 0 -1 0 -1 0 -1 0 -1 0 -1 0 -1 0 -1 0 -1 0 -1 0 
8ffe7905 1 4bc 1 4c4 1 482 1 47a -1 0 -1 0 -1 0 -1 0 -1 0 -1 0 -1 0 -1 0 -1 0 1 76d 1 7a8 1 8c1 
b564e874 1 35 1 28 0 3f34 0 3fb2 -1 0 -1 0 -1 0 -1 0 -1 0 -1 0 -1 0 -1 0 -1 0 -1 0 -1 0 -1 0 
bfc65a5a -1 0 -1 0 -1 0 -1 0 -1 0 -1 0 -1 0 1 1aa3 1 1279 1 1b70 -1 0 -1 0 -1 0 -1 0 -1 0 -1 0 
d7547979 -1 0 -1 0 -1 0 -1 0 0 19a3 0 18bd 0 1850 -1 0 -1 0 -1 0 -1 0 -1 0 -1 0 -1 0 -1 0 -1 0 
d9d21718 1 6c4 1 71b 1 6ea 1 692 -1 0 -1 0 -1 0 -1 0 -1 0 -1 0 -1 0 -1 0 -1 0 -1 0 -1 0 -1 0 
e234e523 -1 0 -1 0 -1 0 -1 0 1 648 1 5f4 1 5e1 -1 0 -1 0 -1 0 -1 0 -1 0 -1 0 -1 0 -1 0 -1 0 
f861c42a 0 d9 0 4a -1 0 0 61 -1 0 -1 0 -1 0 -1 0 -1 0 -1 0 -1 0 -1 0 -1 0 -1 0 -1 0 -1 0 
fb548fac -1 0 -1 0 -1 0 -1 0 -1 0 -1 0 -1 0 -1 0 -1 0 -1 0 -1 0 -1 0 -1 0 1 58c 1 564 1 554 
fee6437b 0 658 0 5ba 0 476 0 513 -1 0 -1 0 -1 0 -1 0 -1 0 -1 0 -1 0 -1 0 -1 0 -1 0 -1 0 -1 0 
cf780a9 -1 0 -1 0 -1 0 -1 0 -1 0 -1 0 -1 0 1 21b 1 1ba 1 190 -1 0 -1 0 -1 0 -1 0 -1 0 -1 0 
eb6639e 0 17a5 0 1bf9 0 1e0c 0 19b8 -1 0 -1 0 -1 0 -1 0 -1 0 -1 0 -1 0 -1 0 -1 0 -1 0 -1 0 -1 0 
1a76371b -1 0 -1 0 -1 0 -1 0 -1 0 -1 0 -1 0 -1 0 -1 0 -1 0 1 44b 1 393 1 358 0 1d73 0 1f0e 0 228d 
2130f603 -1 0 -1 0 -1 0 -1 0 -1 0 -1 0 -1 0 1 4f0 1 4db 1 4e4 -1 0 -1 0 -1 0 -1 0 -1 0 -1 0 
2159c3c2 0 1b9 0 1cb 0 1b5 0 1a2 -1 0 -1 0 -1 0 -1 0 -1 0 -1 0 -1 0 -1 0 -1 0 -1 0 -1 0 -1 0 
2eb30e26 -1 0 -1 0 -1 0 -1 0 -1 0 -1 0 -1 0 -1 0 -1 0 -1 0 -1 0 -1 0 -1 0 1 4e0 1 4c5 1 4c7 
34cb6967 0 31e 0 2fe 0 2df 0 2fe -1 0 -1 0 -1 0 -1 0 -1 0 -1 0 -1 0 -1 0 -1 0 -1 0 -1 0 -1 0 
3a004d8d -1 0 -1 0 -1 0 -1 0 -1 0 -1 0 -1 0 -1 0 -1 0 -1 0 1 3bd 1 398 1 386 -1 0 -1 0 -1 0 
3b936fed -1 0 -1 0 -1 0 -1 0 0 3ea7 0 35d3 0 31e0 -1 0 -1 0 -1 0 -1 0 -1 0 -1 0 -1 0 -1 0 -1 0 
3d53a5b6 0 486 0 471 0 3a1 0 3b7 -1 0 -1 0 -1 0 -1 0 -1 0 -1 0 -1 0 -1 0 -1 0 -1 0 -1 0 -1 0 
3f53c1dd -1 0 -1 0 -1 0 -1 0 -1 0 -1 0 -1 0 -1 0 -1 0 -1 0 1 107a 1 631 1 2b3 -1 0 -1 0 -1 0 
4191f0b1 -1 0 -1 0 -1 0 -1 0 1 f6a 1 e7d 1 e0a -1 0 -1 0 -1 0 -1 0 -1 0 -1 0 -1 0 -1 0 -1 0 
442a6bf0 -1 0 -1 0 -1 0 -1 0 0 140 0 d7 0 a2 1 ac0 1 b15 1 bdb -1 0 -1 0 -1 0 -1 0 -1 0 -1 0 
50bfe3f7 0 df 0 ef 0 f3 0 e3 -1 0 -1 0 -1 0 -1 0 -1 0 -1 0 -1 0 -1 0 -1 0 -1 0 -1 0 -1 0 
53359fe1 0 944 0 82e 0 755 0 86b -1 0 -1 0 -1 0 -1 0 -1 0 -1 0 -1 0 -1 0 -1 0 -1 0 -1 0 -1 0 
594b0c06 0 be3 0 c6a 0 bd9 0 b51 -1 0 -1 0 -1 0 -1 0 -1 0 -1 0 -1 0 -1 0 -1 0 -1 0 -1 0 -1 0 
5c229eb5 -1 0 -1 0 -1 0 -1 0 -1 0 -1 0 -1 0 -1 0 -1 0 -1 0 1 618 1 4b5 1 414 -1 0 -1 0 -1 0 
729fba1e 0 177 0 181 0 173 0 169 -1 0 -1 0 -1 0 -1 0 -1 0 -1 0 -1 0 -1 0 -1 0 -1 0 -1 0 -1 0 
77232a4a -1 0 -1 0 -1 0 -1 0 -1 0 -1 0 -1 0 -1 0 -1 0 -1 0 1 5e0 1 407 1 33d -1 0 -1 0 -1 0 
80506e86 -1 0 -1 0 -1 0 -1 0 1 469 1 3f1 1 3de 0 3016 0 31d2 0 3595 -1 0 -1 0 -1 0 -1 0 -1 0 -1 0 
82321daa 2 3fff 2 3fff 2 3fff 2 3fff 1 bf3 1 b45 1 af5 -1 0 -1 0 -1 0 -1 0 -1 0 -1 0 -1 0 -1 0 -1 0 
823c05d7 -1 0 -1 0 -1 0 -1 0 0 29dc 0 144c 0 a5e -1 0 -1 0 -1 0 -1 0 -1 0 -1 0 -1 0 -1 0 -1 0 
83e4ed57 2 3fff 2 3fff 2 3fff 2 3fff 2 3fff 2 3fff 2 3fff 1 12ee 1 11af 1 121a -1 0 -1 0 -1 0 -1 0 -1 0 -1 0 
851a9b8c -1 0 -1 0 -1 0 -1 0 -1 0 -1 0 -1 0 -1 0 -1 0 -1 0 -1 0 -1 0 -1 0 2 3fff 2 3fff 2 3fff 
876c68d8 -1 0 -1 0 -1 0 -1 0 -1 0 -1 0 -1 0 -1 0 -1 0 -1 0 1 1c7e 1 14d6 1 11b4 -1 0 -1 0 -1 0 
8e73ff21 0 227a 0 2256 0 2228 0 224c -1 0 -1 0 -1 0 -1 0 -1 0 -1 0 -1 0 -1 0 -1 0 -1 0 -1 0 -1 0 
8e8539c1 1 dd 1 67 1 10 1 87 -1 0 -1 0 -1 0 -1 0 -1 0 -1 0 -1 0 -1 0 -1 0 -1 0 -1 0 -1 0 
8ef74bb7 -1 0 -1 0 -1 0 -1 0 2 3fff 2 3fff 2 3fff 1 3a82 1 3990 1 391f -1 0 -1 0 -1 0 2 3fff 2 3fff 2 3fff 
8f5012e1 -1 0 -1 0 -1 0 -1 0 1 53e 1 556 1 590 -1 0 -1 0 -1 0 -1 0 -1 0 -1 0 -1 0 -1 0 -1 0 
953f9bf2 -1 0 -1 0 -1 0 -1 0 -1 0 -1 0 -1 0 -1 0 -1 0 -1 0 1 6c7 1 5f1 1 587 -1 0 -1 0 -1 0 
96a359c1 0 6b 0 189 0 280 0 162 -1 0 -1 0 -1 0 -1 0 -1 0 -1 0 -1 0 -1 0 -1 0 -1 0 -1 0 -1 0 
9998a08d -1 0 -1 0 -1 0 -1 0 -1 0 -1 0 -1 0 1 30d 1 2f4 1 2ef 1 1287 1 122c 1 1207 -1 0 -1 0 -1 0 
9f22b1ad -1 0 -1 0 -1 0 -1 0 1 1a13 1 19dc 1 1a33 0 821 0 857 0 8c5 -1 0 -1 0 -1 0 -1 0 -1 0 -1 0 
ae1c5110 0 1fc 0 1ed 0 208 0 216 -1 0 -1 0 -1 0 -1 0 -1 0 -1 0 -1 0 -1 0 -1 0 -1 0 -1 0 -1 0 
be0e8424 -1 0 -1 0 -1 0 -1 0 1 2bf2 1 2d65 1 3051 -1 0 -1 0 -1 0 2 3fff 2 3fff 2 3fff -1 0 -1 0 -1 0 
d0deb105 -1 0 -1 0 -1 0 -1 0 -1 0 -1 0 -1 0 -1 0 -1 0 -1 0 -1 0 -1 0 -1 0 1 1e9e 1 1e96 1 1ee4 
dba00fc4 0 23 0 e 0 3a 0 4f -1 0 -1 0 -1 0 -1 0 -1 0 -1 0 -1 0 -1 0 -1 0 -1 0 -1 0 -1 0 
dffec86c -1 0 -1 0 -1 0 -1 0 -1 0 -1 0 -1 0 -1 0 -1 0 -1 0 -1 0 -1 0 -1 0 2 3fff 2 3fff 2 3fff 
e3ed37f4 0 d45 0 d5a 0 d71 0 d5c -1 0 -1 0 -1 0 -1 0 -1 0 -1 0 -1 0 -1 0 -1 0 -1 0 -1 0 -1 0 
e5a43d71 0 34 0 34 0 21 0 21 -1 0 -1 0 -1 0 -1 0 -1 0 -1 0 -1 0 -1 0 -1 0 -1 0 -1 0 -1 0 
ecb17fc5 -1 0 -1 0 -1 0 -1 0 -1 0 -1 0 -1 0 1 a78 1 9a3 1 970 -1 0 -1 0 -1 0 -1 0 -1 0 -1 0 
f589d44a 0 f72 0 f6b 0 ed9 0 ee0 -1 0 -1 0 -1 0 -1 0 -1 0 -1 0 -1 0 -1 0 -1 0 -1 0 -1 0 -1 0 
3bfa971 -1 0 -1 0 -1 0 -1 0 -1 0 -1 0 -1 0 -1 0 -1 0 -1 0 -1 0 -1 0 -1 0 1 571 1 543 1 53c 
77cdbd1 -1 0 -1 0 -1 0 -1 0 -1 0 -1 0 -1 0 1 da9 1 d8b 1 d94 0 3801 0 374c 0 36fe -1 0 -1 0 -1 0 
4846fb22 -1 0 -1 0 -1 0 -1 0 -1 0 -1 0 -1 0 -1 0 -1 0 -1 0 -1 0 -1 0 -1 0 2 3fff 2 3fff 2 3fff 
6198ab78 0 194e 0 14bc 0 1aaa 0 1f3b -1 0 -1 0 -1 0 -1 0 -1 0 -1 0 -1 0 -1 0 -1 0 -1 0 -1 0 -1 0 
85f17b36 0 4a8 0 4b2 0 4cb 0 4c1 -1 0 -1 0 -1 0 -1 0 -1 0 -1 0 -1 0 -1 0 -1 0 -1 0 -1 0 -1 0 
93febe1d 0 2d62 0 2a19 0 2600 0 2949 -1 0 -1 0 -1 0 -1 0 -1 0 -1 0 -1 0 -1 0 -1 0 -1 0 -1 0 -1 0 
940752f4 -1 0 -1 0 -1 0 -1 0 1 268e 1 261c 1 26a0 -1 0 -1 0 -1 0 -1 0 -1 0 -1 0 -1 0 -1 0 -1 0 
95a0ad04 -1 0 -1 0 -1 0 -1 0 -1 0 -1 0 -1 0 1 1dd1 1 1d64 1 1d44 -1 0 -1 0 -1 0 -1 0 -1 0 -1 0 
97e41017 -1 0 -1 0 -1 0 -1 0 -1 0 -1 0 -1 0 -1 0 -1 0 -1 0 -1 0 -1 0 -1 0 2 3fff 2 3fff 2 3fff 
98bf3531 1 b74 1 b57 1 b59 1 b77 -1 0 -1 0 -1 0 1 182e 1 178c 1 1787 -1 0 -1 0 -1 0 1 526 1 518 1 535 
99c4d9af -1 0 -1 0 -1 0 -1 0 -1 0 -1 0 -1 0 -1 0 -1 0 -1 0 1 748 1 6ef 1 6c5 -1 0 -1 0 -1 0 
bb3075c3 0 a3b 0 a3e 0 a1f 0 a1c -1 0 -1 0 -1 0 -1 0 -1 0 -1 0 -1 0 -1 0 -1 0 -1 0 -1 0 -1 0 
ceb323a9 0 f7d 0 fa6 0 fc6 0 f9c -1 0 -1 0 -1 0 -1 0 -1 0 -1 0 -1 0 -1 0 -1 0 -1 0 -1 0 -1 0 
de52e764 0 39a 0 34d 0 3ec 0 43a -1 0 -1 0 -1 0 -1 0 -1 0 -1 0 -1 0 -1 0 -1 0 -1 0 -1 0 -1 0 
de5aea54 0 fc2 0 f82 0 fa0 0 fe0 -1 0 -1 0 -1 0 -1 0 -1 0 -1 0 -1 0 -1 0 -1 0 -1 0 -1 0 -1 0 
ebebd2ef 0 170 0 97 0 18d 0 266 -1 0 -1 0 -1 0 -1 0 -1 0 -1 0 -1 0 -1 0 -1 0 -1 0 -1 0 -1 0 
ef287237 0 46 0 2e 0 6 0 1e -1 0 -1 0 -1 0 -1 0 -1 0 -1 0 -1 0 -1 0 -1 0 -1 0 -1 0 -1 0 
fdd51366 0 1c80 0 1c3e 0 1c78 0 1cb9 -1 0 -1 0 -1 0 -1 0 -1 0 -1 0 -1 0 -1 0 -1 0 -1 0 -1 0 -1 0 
36c0854 -1 0 -1 0 -1 0 -1 0 -1 0 -1 0 -1 0 -1 0 -1 0 -1 0 2 3fff 2 3fff 2 3fff 2 3fff 2 3fff 2 3fff 
f751d69 -1 0 -1 0 -1 0 -1 0 1 b45 1 b66 1 bd8 -1 0 -1 0 -1 0 -1 0 -1 0 -1 0 1 6fc 1 6b5 1 6be 
14b189be -1 0 -1 0 -1 0 -1 0 -1 0 -1 0 -1 0 2 3fff 2 3fff 2 3fff 2 3fff 2 3fff 2 3fff -1 0 -1 0 -1 0 
1bfc9387 -1 0 -1 0 -1 0 -1 0 -1 0 -1 0 -1 0 -1 0 -1 0 -1 0 -1 0 -1 0 -1 0 1 666 1 637 1 625 
